1+   
1+   

2+  1a
2+   

3+  1b
3+  2

4+  1b, 3b
4+  2

5+  1b, 3b, 4a
5+  2

6+  1b, 3b, 4a, 5a
6+  2

7+  1b, 3b, 4a, 5a, 6a
7+  2

8+  1b, 3b, 4a, 5a, 6a, 7a
8+  2

9+  1b, 3b, 4a, 5a, 6b
9+  2, 7, 8

10+  1b, 3b, 4a, 5b
10+  2, 6, 7, 8, 9

11+  1b, 3b, 4a, 5b, 10a
11+  2, 6, 7, 8, 9

12+  1b, 3b, 4a, 5b, 10a, 11b
12+  2, 6, 7, 8, 9

13+  1b, 3b, 4a, 5b, 10b
13+  2, 6, 7, 8, 9, 11, 12

14+  1b, 3b, 4a, 5b, 10b, 13a
14+  2, 6, 7, 8, 9, 11, 12

15+  1b, 3b, 4a, 5b, 10b, 13a, 14a
15+  2, 6, 7, 8, 9, 11, 12

16+  1b, 3b, 4a, 5b, 10b, 13a, 14b
16+  2, 6, 7, 8, 9, 11, 12, 15

17+  1b, 3b, 4a, 5b, 10b, 13a, 14b, 16a
17+  2, 6, 7, 8, 9, 11, 12, 15

18+  1b, 3b, 4a, 5b, 10b, 13a, 14b, 16b
18+  2, 6, 7, 8, 9, 11, 12, 15, 17

19+  1b, 3b, 4a, 5b, 10b, 13a, 14b, 16b, 18b
19+  2, 6, 7, 8, 9, 11, 12, 15, 17

20+  1b, 3b, 4b
20+  2, 5, 6, 7, 8, 9, 10, 11, 12, 13, 14, 15, 16, 17, 18, 19

21+  1b, 3b, 4b, 20a
21+  2, 5, 6, 7, 8, 9, 10, 11, 12, 13, 14, 15, 16, 17, 18, 19

22+  1b, 3b, 4b, 20a, 21a
22+  2, 5, 6, 7, 8, 9, 10, 11, 12, 13, 14, 15, 16, 17, 18, 19

23+  1b, 3b, 4b, 20a, 21a, 22b
23+  2, 5, 6, 7, 8, 9, 10, 11, 12, 13, 14, 15, 16, 17, 18, 19

24+  1b, 3b, 4b, 20a, 21b
24+  2, 5, 6, 7, 8, 9, 10, 11, 12, 13, 14, 15, 16, 17, 18, 19, 22, 23

25+  1b, 3b, 4b, 20a, 21b, 24b
25+  2, 5, 6, 7, 8, 9, 10, 11, 12, 13, 14, 15, 16, 17, 18, 19, 22, 23

26+  1b, 3b, 4b, 20a, 21b, 24b, 25b
26+  2, 5, 6, 7, 8, 9, 10, 11, 12, 13, 14, 15, 16, 17, 18, 19, 22, 23

27+  1b, 3b, 4b, 20a, 21b, 24b, 25b, 26a
27+  2, 5, 6, 7, 8, 9, 10, 11, 12, 13, 14, 15, 16, 17, 18, 19, 22, 23

28+  1b, 3b, 4b, 20a, 21b, 24b, 25b, 26a, 27a
28+  2, 5, 6, 7, 8, 9, 10, 11, 12, 13, 14, 15, 16, 17, 18, 19, 22, 23

29+  1b, 3b, 4b, 20a, 21b, 24b, 25b, 26a, 27a, 28b
29+  2, 5, 6, 7, 8, 9, 10, 11, 12, 13, 14, 15, 16, 17, 18, 19, 22, 23

30+  1b, 3b, 4b, 20a, 21b, 24b, 25b, 26a, 27a, 28b, 29b
30+  2, 5, 6, 7, 8, 9, 10, 11, 12, 13, 14, 15, 16, 17, 18, 19, 22, 23

31+  1b, 3b, 4b, 20a, 21b, 24b, 25b, 26a, 27b
31+  2, 5, 6, 7, 8, 9, 10, 11, 12, 13, 14, 15, 16, 17, 18, 19, 22, 23, 28, 29, 30

32+  1b, 3b, 4b, 20a, 21b, 24b, 25b, 26a, 27b, 31a
32+  2, 5, 6, 7, 8, 9, 10, 11, 12, 13, 14, 15, 16, 17, 18, 19, 22, 23, 28, 29, 30

33+  1b, 3b, 4b, 20a, 21b, 24b, 25b, 26a, 27b, 31b
33+  2, 5, 6, 7, 8, 9, 10, 11, 12, 13, 14, 15, 16, 17, 18, 19, 22, 23, 28, 29, 30, 32

34+  1b, 3b, 4b, 20a, 21b, 24b, 25b, 26b
34+  2, 5, 6, 7, 8, 9, 10, 11, 12, 13, 14, 15, 16, 17, 18, 19, 22, 23, 27, 28, 29, 30, 31, 32, 33

35+  1b, 3b, 4b, 20a, 21b, 24b, 25b, 26b, 34b
35+  2, 5, 6, 7, 8, 9, 10, 11, 12, 13, 14, 15, 16, 17, 18, 19, 22, 23, 27, 28, 29, 30, 31, 32, 33

36+  1b, 3b, 4b, 20b
36+  2, 5, 6, 7, 8, 9, 10, 11, 12, 13, 14, 15, 16, 17, 18, 19, 21, 22, 23, 24, 25, 26, 27, 28, 29, 30, 31, 32, 33, 34, 35

37+  1b, 3b, 4b, 20b, 36a
37+  2, 5, 6, 7, 8, 9, 10, 11, 12, 13, 14, 15, 16, 17, 18, 19, 21, 22, 23, 24, 25, 26, 27, 28, 29, 30, 31, 32, 33, 34, 35

38+  1b, 3b, 4b, 20b, 36a, 37a
38+  2, 5, 6, 7, 8, 9, 10, 11, 12, 13, 14, 15, 16, 17, 18, 19, 21, 22, 23, 24, 25, 26, 27, 28, 29, 30, 31, 32, 33, 34, 35

39+  1b, 3b, 4b, 20b, 36a, 37a, 38b
39+  2, 5, 6, 7, 8, 9, 10, 11, 12, 13, 14, 15, 16, 17, 18, 19, 21, 22, 23, 24, 25, 26, 27, 28, 29, 30, 31, 32, 33, 34, 35

40+  1b, 3b, 4b, 20b, 36a, 37a, 38b, 39b
40+  2, 5, 6, 7, 8, 9, 10, 11, 12, 13, 14, 15, 16, 17, 18, 19, 21, 22, 23, 24, 25, 26, 27, 28, 29, 30, 31, 32, 33, 34, 35

41+  1b, 3b, 4b, 20b, 36a, 37a, 38b, 39b, 40b
41+  2, 5, 6, 7, 8, 9, 10, 11, 12, 13, 14, 15, 16, 17, 18, 19, 21, 22, 23, 24, 25, 26, 27, 28, 29, 30, 31, 32, 33, 34, 35

42+  1b, 3b, 4b, 20b, 36a, 37b
42+  2, 5, 6, 7, 8, 9, 10, 11, 12, 13, 14, 15, 16, 17, 18, 19, 21, 22, 23, 24, 25, 26, 27, 28, 29, 30, 31, 32, 33, 34, 35, 38, 39, 40, 41

43+  1b, 3b, 4b, 20b, 36a, 37b, 42a
43+  2, 5, 6, 7, 8, 9, 10, 11, 12, 13, 14, 15, 16, 17, 18, 19, 21, 22, 23, 24, 25, 26, 27, 28, 29, 30, 31, 32, 33, 34, 35, 38, 39, 40, 41

44+  1b, 3b, 4b, 20b, 36a, 37b, 42b
44+  2, 5, 6, 7, 8, 9, 10, 11, 12, 13, 14, 15, 16, 17, 18, 19, 21, 22, 23, 24, 25, 26, 27, 28, 29, 30, 31, 32, 33, 34, 35, 38, 39, 40, 41, 43

45+  1b, 3b, 4b, 20b, 36a, 37b, 42b, 44a
45+  2, 5, 6, 7, 8, 9, 10, 11, 12, 13, 14, 15, 16, 17, 18, 19, 21, 22, 23, 24, 25, 26, 27, 28, 29, 30, 31, 32, 33, 34, 35, 38, 39, 40, 41, 43

46+  1b, 3b, 4b, 20b, 36a, 37b, 42b, 44b
46+  2, 5, 6, 7, 8, 9, 10, 11, 12, 13, 14, 15, 16, 17, 18, 19, 21, 22, 23, 24, 25, 26, 27, 28, 29, 30, 31, 32, 33, 34, 35, 38, 39, 40, 41, 43, 45

47+  1b, 3b, 4b, 20b, 36b
47+  2, 5, 6, 7, 8, 9, 10, 11, 12, 13, 14, 15, 16, 17, 18, 19, 21, 22, 23, 24, 25, 26, 27, 28, 29, 30, 31, 32, 33, 34, 35, 37, 38, 39, 40, 41, 42, 43, 44, 45, 46

48+  1b, 3b, 4b, 20b, 36b, 47a
48+  2, 5, 6, 7, 8, 9, 10, 11, 12, 13, 14, 15, 16, 17, 18, 19, 21, 22, 23, 24, 25, 26, 27, 28, 29, 30, 31, 32, 33, 34, 35, 37, 38, 39, 40, 41, 42, 43, 44, 45, 46

49+  1b, 3b, 4b, 20b, 36b, 47a, 48b
49+  2, 5, 6, 7, 8, 9, 10, 11, 12, 13, 14, 15, 16, 17, 18, 19, 21, 22, 23, 24, 25, 26, 27, 28, 29, 30, 31, 32, 33, 34, 35, 37, 38, 39, 40, 41, 42, 43, 44, 45, 46

50+  1b, 3b, 4b, 20b, 36b, 47b
50+  2, 5, 6, 7, 8, 9, 10, 11, 12, 13, 14, 15, 16, 17, 18, 19, 21, 22, 23, 24, 25, 26, 27, 28, 29, 30, 31, 32, 33, 34, 35, 37, 38, 39, 40, 41, 42, 43, 44, 45, 46, 48, 49

51+  1b, 3b, 4b, 20b, 36b, 47b, 50b
51+  2, 5, 6, 7, 8, 9, 10, 11, 12, 13, 14, 15, 16, 17, 18, 19, 21, 22, 23, 24, 25, 26, 27, 28, 29, 30, 31, 32, 33, 34, 35, 37, 38, 39, 40, 41, 42, 43, 44, 45, 46, 48, 49

52+  1b, 3b, 4b, 20b, 36b, 47b, 50b, 51a
52+  2, 5, 6, 7, 8, 9, 10, 11, 12, 13, 14, 15, 16, 17, 18, 19, 21, 22, 23, 24, 25, 26, 27, 28, 29, 30, 31, 32, 33, 34, 35, 37, 38, 39, 40, 41, 42, 43, 44, 45, 46, 48, 49

53+  1b, 3b, 4b, 20b, 36b, 47b, 50b, 51a, 52a
53+  2, 5, 6, 7, 8, 9, 10, 11, 12, 13, 14, 15, 16, 17, 18, 19, 21, 22, 23, 24, 25, 26, 27, 28, 29, 30, 31, 32, 33, 34, 35, 37, 38, 39, 40, 41, 42, 43, 44, 45, 46, 48, 49

54+  1b, 3b, 4b, 20b, 36b, 47b, 50b, 51a, 52a, 53a
54+  2, 5, 6, 7, 8, 9, 10, 11, 12, 13, 14, 15, 16, 17, 18, 19, 21, 22, 23, 24, 25, 26, 27, 28, 29, 30, 31, 32, 33, 34, 35, 37, 38, 39, 40, 41, 42, 43, 44, 45, 46, 48, 49

55+  1b, 3b, 4b, 20b, 36b, 47b, 50b, 51a, 52a, 53a, 54b
55+  2, 5, 6, 7, 8, 9, 10, 11, 12, 13, 14, 15, 16, 17, 18, 19, 21, 22, 23, 24, 25, 26, 27, 28, 29, 30, 31, 32, 33, 34, 35, 37, 38, 39, 40, 41, 42, 43, 44, 45, 46, 48, 49

56+  1b, 3b, 4b, 20b, 36b, 47b, 50b, 51a, 52a, 53a, 54b, 55a
56+  2, 5, 6, 7, 8, 9, 10, 11, 12, 13, 14, 15, 16, 17, 18, 19, 21, 22, 23, 24, 25, 26, 27, 28, 29, 30, 31, 32, 33, 34, 35, 37, 38, 39, 40, 41, 42, 43, 44, 45, 46, 48, 49

57+  1b, 3b, 4b, 20b, 36b, 47b, 50b, 51a, 52a, 53b
57+  2, 5, 6, 7, 8, 9, 10, 11, 12, 13, 14, 15, 16, 17, 18, 19, 21, 22, 23, 24, 25, 26, 27, 28, 29, 30, 31, 32, 33, 34, 35, 37, 38, 39, 40, 41, 42, 43, 44, 45, 46, 48, 49, 54, 55, 56

58+  1b, 3b, 4b, 20b, 36b, 47b, 50b, 51a, 52a, 53b, 57a
58+  2, 5, 6, 7, 8, 9, 10, 11, 12, 13, 14, 15, 16, 17, 18, 19, 21, 22, 23, 24, 25, 26, 27, 28, 29, 30, 31, 32, 33, 34, 35, 37, 38, 39, 40, 41, 42, 43, 44, 45, 46, 48, 49, 54, 55, 56

59+  1b, 3b, 4b, 20b, 36b, 47b, 50b, 51a, 52a, 53b, 57b
59+  2, 5, 6, 7, 8, 9, 10, 11, 12, 13, 14, 15, 16, 17, 18, 19, 21, 22, 23, 24, 25, 26, 27, 28, 29, 30, 31, 32, 33, 34, 35, 37, 38, 39, 40, 41, 42, 43, 44, 45, 46, 48, 49, 54, 55, 56, 58

60+  1b, 3b, 4b, 20b, 36b, 47b, 50b, 51a, 52a, 53b, 57b, 59b
60+  2, 5, 6, 7, 8, 9, 10, 11, 12, 13, 14, 15, 16, 17, 18, 19, 21, 22, 23, 24, 25, 26, 27, 28, 29, 30, 31, 32, 33, 34, 35, 37, 38, 39, 40, 41, 42, 43, 44, 45, 46, 48, 49, 54, 55, 56, 58

61+  1b, 3b, 4b, 20b, 36b, 47b, 50b, 51a, 52a, 53b, 57b, 59b, 60b
61+  2, 5, 6, 7, 8, 9, 10, 11, 12, 13, 14, 15, 16, 17, 18, 19, 21, 22, 23, 24, 25, 26, 27, 28, 29, 30, 31, 32, 33, 34, 35, 37, 38, 39, 40, 41, 42, 43, 44, 45, 46, 48, 49, 54, 55, 56, 58

62+  1b, 3b, 4b, 20b, 36b, 47b, 50b, 51a, 52b
62+  2, 5, 6, 7, 8, 9, 10, 11, 12, 13, 14, 15, 16, 17, 18, 19, 21, 22, 23, 24, 25, 26, 27, 28, 29, 30, 31, 32, 33, 34, 35, 37, 38, 39, 40, 41, 42, 43, 44, 45, 46, 48, 49, 53, 54, 55, 56, 57, 58, 59, 60, 61

63+  1b, 3b, 4b, 20b, 36b, 47b, 50b, 51a, 52b, 62a
63+  2, 5, 6, 7, 8, 9, 10, 11, 12, 13, 14, 15, 16, 17, 18, 19, 21, 22, 23, 24, 25, 26, 27, 28, 29, 30, 31, 32, 33, 34, 35, 37, 38, 39, 40, 41, 42, 43, 44, 45, 46, 48, 49, 53, 54, 55, 56, 57, 58, 59, 60, 61

64+  1b, 3b, 4b, 20b, 36b, 47b, 50b, 51a, 52b, 62a, 63b
64+  2, 5, 6, 7, 8, 9, 10, 11, 12, 13, 14, 15, 16, 17, 18, 19, 21, 22, 23, 24, 25, 26, 27, 28, 29, 30, 31, 32, 33, 34, 35, 37, 38, 39, 40, 41, 42, 43, 44, 45, 46, 48, 49, 53, 54, 55, 56, 57, 58, 59, 60, 61

65+  1b, 3b, 4b, 20b, 36b, 47b, 50b, 51a, 52b, 62a, 63b, 64b
65+  2, 5, 6, 7, 8, 9, 10, 11, 12, 13, 14, 15, 16, 17, 18, 19, 21, 22, 23, 24, 25, 26, 27, 28, 29, 30, 31, 32, 33, 34, 35, 37, 38, 39, 40, 41, 42, 43, 44, 45, 46, 48, 49, 53, 54, 55, 56, 57, 58, 59, 60, 61

66+  1b, 3b, 4b, 20b, 36b, 47b, 50b, 51a, 52b, 62b
66+  2, 5, 6, 7, 8, 9, 10, 11, 12, 13, 14, 15, 16, 17, 18, 19, 21, 22, 23, 24, 25, 26, 27, 28, 29, 30, 31, 32, 33, 34, 35, 37, 38, 39, 40, 41, 42, 43, 44, 45, 46, 48, 49, 53, 54, 55, 56, 57, 58, 59, 60, 61, 63, 64, 65

67+  1b, 3b, 4b, 20b, 36b, 47b, 50b, 51a, 52b, 62b, 66b
67+  2, 5, 6, 7, 8, 9, 10, 11, 12, 13, 14, 15, 16, 17, 18, 19, 21, 22, 23, 24, 25, 26, 27, 28, 29, 30, 31, 32, 33, 34, 35, 37, 38, 39, 40, 41, 42, 43, 44, 45, 46, 48, 49, 53, 54, 55, 56, 57, 58, 59, 60, 61, 63, 64, 65

68+  1b, 3b, 4b, 20b, 36b, 47b, 50b, 51a, 52b, 62b, 66b, 67b
68+  2, 5, 6, 7, 8, 9, 10, 11, 12, 13, 14, 15, 16, 17, 18, 19, 21, 22, 23, 24, 25, 26, 27, 28, 29, 30, 31, 32, 33, 34, 35, 37, 38, 39, 40, 41, 42, 43, 44, 45, 46, 48, 49, 53, 54, 55, 56, 57, 58, 59, 60, 61, 63, 64, 65

69+  1b, 3b, 4b, 20b, 36b, 47b, 50b, 51b
69+  2, 5, 6, 7, 8, 9, 10, 11, 12, 13, 14, 15, 16, 17, 18, 19, 21, 22, 23, 24, 25, 26, 27, 28, 29, 30, 31, 32, 33, 34, 35, 37, 38, 39, 40, 41, 42, 43, 44, 45, 46, 48, 49, 52, 53, 54, 55, 56, 57, 58, 59, 60, 61, 62, 63, 64, 65, 66, 67, 68

70+  1b, 3b, 4b, 20b, 36b, 47b, 50b, 51b, 69a
70+  2, 5, 6, 7, 8, 9, 10, 11, 12, 13, 14, 15, 16, 17, 18, 19, 21, 22, 23, 24, 25, 26, 27, 28, 29, 30, 31, 32, 33, 34, 35, 37, 38, 39, 40, 41, 42, 43, 44, 45, 46, 48, 49, 52, 53, 54, 55, 56, 57, 58, 59, 60, 61, 62, 63, 64, 65, 66, 67, 68

71+  1b, 3b, 4b, 20b, 36b, 47b, 50b, 51b, 69a, 70a
71+  2, 5, 6, 7, 8, 9, 10, 11, 12, 13, 14, 15, 16, 17, 18, 19, 21, 22, 23, 24, 25, 26, 27, 28, 29, 30, 31, 32, 33, 34, 35, 37, 38, 39, 40, 41, 42, 43, 44, 45, 46, 48, 49, 52, 53, 54, 55, 56, 57, 58, 59, 60, 61, 62, 63, 64, 65, 66, 67, 68

72+  1b, 3b, 4b, 20b, 36b, 47b, 50b, 51b, 69a, 70b
72+  2, 5, 6, 7, 8, 9, 10, 11, 12, 13, 14, 15, 16, 17, 18, 19, 21, 22, 23, 24, 25, 26, 27, 28, 29, 30, 31, 32, 33, 34, 35, 37, 38, 39, 40, 41, 42, 43, 44, 45, 46, 48, 49, 52, 53, 54, 55, 56, 57, 58, 59, 60, 61, 62, 63, 64, 65, 66, 67, 68, 71

73+  1b, 3b, 4b, 20b, 36b, 47b, 50b, 51b, 69a, 70b, 72a
73+  2, 5, 6, 7, 8, 9, 10, 11, 12, 13, 14, 15, 16, 17, 18, 19, 21, 22, 23, 24, 25, 26, 27, 28, 29, 30, 31, 32, 33, 34, 35, 37, 38, 39, 40, 41, 42, 43, 44, 45, 46, 48, 49, 52, 53, 54, 55, 56, 57, 58, 59, 60, 61, 62, 63, 64, 65, 66, 67, 68, 71

74+  1b, 3b, 4b, 20b, 36b, 47b, 50b, 51b, 69a, 70b, 72a, 73b
74+  2, 5, 6, 7, 8, 9, 10, 11, 12, 13, 14, 15, 16, 17, 18, 19, 21, 22, 23, 24, 25, 26, 27, 28, 29, 30, 31, 32, 33, 34, 35, 37, 38, 39, 40, 41, 42, 43, 44, 45, 46, 48, 49, 52, 53, 54, 55, 56, 57, 58, 59, 60, 61, 62, 63, 64, 65, 66, 67, 68, 71

75+  1b, 3b, 4b, 20b, 36b, 47b, 50b, 51b, 69a, 70b, 72b
75+  2, 5, 6, 7, 8, 9, 10, 11, 12, 13, 14, 15, 16, 17, 18, 19, 21, 22, 23, 24, 25, 26, 27, 28, 29, 30, 31, 32, 33, 34, 35, 37, 38, 39, 40, 41, 42, 43, 44, 45, 46, 48, 49, 52, 53, 54, 55, 56, 57, 58, 59, 60, 61, 62, 63, 64, 65, 66, 67, 68, 71, 73, 74

76+  1b, 3b, 4b, 20b, 36b, 47b, 50b, 51b, 69a, 70b, 72b, 75b
76+  2, 5, 6, 7, 8, 9, 10, 11, 12, 13, 14, 15, 16, 17, 18, 19, 21, 22, 23, 24, 25, 26, 27, 28, 29, 30, 31, 32, 33, 34, 35, 37, 38, 39, 40, 41, 42, 43, 44, 45, 46, 48, 49, 52, 53, 54, 55, 56, 57, 58, 59, 60, 61, 62, 63, 64, 65, 66, 67, 68, 71, 73, 74

77+  1b, 3b, 4b, 20b, 36b, 47b, 50b, 51b, 69a, 70b, 72b, 75b, 76b
77+  2, 5, 6, 7, 8, 9, 10, 11, 12, 13, 14, 15, 16, 17, 18, 19, 21, 22, 23, 24, 25, 26, 27, 28, 29, 30, 31, 32, 33, 34, 35, 37, 38, 39, 40, 41, 42, 43, 44, 45, 46, 48, 49, 52, 53, 54, 55, 56, 57, 58, 59, 60, 61, 62, 63, 64, 65, 66, 67, 68, 71, 73, 74

78+  1b, 3b, 4b, 20b, 36b, 47b, 50b, 51b, 69b
78+  2, 5, 6, 7, 8, 9, 10, 11, 12, 13, 14, 15, 16, 17, 18, 19, 21, 22, 23, 24, 25, 26, 27, 28, 29, 30, 31, 32, 33, 34, 35, 37, 38, 39, 40, 41, 42, 43, 44, 45, 46, 48, 49, 52, 53, 54, 55, 56, 57, 58, 59, 60, 61, 62, 63, 64, 65, 66, 67, 68, 70, 71, 72, 73, 74, 75, 76, 77

79+  1b, 3b, 4b, 20b, 36b, 47b, 50b, 51b, 69b, 78b
79+  2, 5, 6, 7, 8, 9, 10, 11, 12, 13, 14, 15, 16, 17, 18, 19, 21, 22, 23, 24, 25, 26, 27, 28, 29, 30, 31, 32, 33, 34, 35, 37, 38, 39, 40, 41, 42, 43, 44, 45, 46, 48, 49, 52, 53, 54, 55, 56, 57, 58, 59, 60, 61, 62, 63, 64, 65, 66, 67, 68, 70, 71, 72, 73, 74, 75, 76, 77

80+  1b, 3b, 4b, 20b, 36b, 47b, 50b, 51b, 69b, 78b, 79a
80+  2, 5, 6, 7, 8, 9, 10, 11, 12, 13, 14, 15, 16, 17, 18, 19, 21, 22, 23, 24, 25, 26, 27, 28, 29, 30, 31, 32, 33, 34, 35, 37, 38, 39, 40, 41, 42, 43, 44, 45, 46, 48, 49, 52, 53, 54, 55, 56, 57, 58, 59, 60, 61, 62, 63, 64, 65, 66, 67, 68, 70, 71, 72, 73, 74, 75, 76, 77

81+  1b, 3b, 4b, 20b, 36b, 47b, 50b, 51b, 69b, 78b, 79a, 80b
81+  2, 5, 6, 7, 8, 9, 10, 11, 12, 13, 14, 15, 16, 17, 18, 19, 21, 22, 23, 24, 25, 26, 27, 28, 29, 30, 31, 32, 33, 34, 35, 37, 38, 39, 40, 41, 42, 43, 44, 45, 46, 48, 49, 52, 53, 54, 55, 56, 57, 58, 59, 60, 61, 62, 63, 64, 65, 66, 67, 68, 70, 71, 72, 73, 74, 75, 76, 77

82+  1b, 3b, 4b, 20b, 36b, 47b, 50b, 51b, 69b, 78b, 79a, 80b, 81a
82+  2, 5, 6, 7, 8, 9, 10, 11, 12, 13, 14, 15, 16, 17, 18, 19, 21, 22, 23, 24, 25, 26, 27, 28, 29, 30, 31, 32, 33, 34, 35, 37, 38, 39, 40, 41, 42, 43, 44, 45, 46, 48, 49, 52, 53, 54, 55, 56, 57, 58, 59, 60, 61, 62, 63, 64, 65, 66, 67, 68, 70, 71, 72, 73, 74, 75, 76, 77

83+  1b, 3b, 4b, 20b, 36b, 47b, 50b, 51b, 69b, 78b, 79a, 80b, 81b
83+  2, 5, 6, 7, 8, 9, 10, 11, 12, 13, 14, 15, 16, 17, 18, 19, 21, 22, 23, 24, 25, 26, 27, 28, 29, 30, 31, 32, 33, 34, 35, 37, 38, 39, 40, 41, 42, 43, 44, 45, 46, 48, 49, 52, 53, 54, 55, 56, 57, 58, 59, 60, 61, 62, 63, 64, 65, 66, 67, 68, 70, 71, 72, 73, 74, 75, 76, 77, 82

84+  1b, 3b, 4b, 20b, 36b, 47b, 50b, 51b, 69b, 78b, 79b
84+  2, 5, 6, 7, 8, 9, 10, 11, 12, 13, 14, 15, 16, 17, 18, 19, 21, 22, 23, 24, 25, 26, 27, 28, 29, 30, 31, 32, 33, 34, 35, 37, 38, 39, 40, 41, 42, 43, 44, 45, 46, 48, 49, 52, 53, 54, 55, 56, 57, 58, 59, 60, 61, 62, 63, 64, 65, 66, 67, 68, 70, 71, 72, 73, 74, 75, 76, 77, 80, 81, 82, 83

85+  1b, 3b, 4b, 20b, 36b, 47b, 50b, 51b, 69b, 78b, 79b, 84a
85+  2, 5, 6, 7, 8, 9, 10, 11, 12, 13, 14, 15, 16, 17, 18, 19, 21, 22, 23, 24, 25, 26, 27, 28, 29, 30, 31, 32, 33, 34, 35, 37, 38, 39, 40, 41, 42, 43, 44, 45, 46, 48, 49, 52, 53, 54, 55, 56, 57, 58, 59, 60, 61, 62, 63, 64, 65, 66, 67, 68, 70, 71, 72, 73, 74, 75, 76, 77, 80, 81, 82, 83

86+  1b, 3b, 4b, 20b, 36b, 47b, 50b, 51b, 69b, 78b, 79b, 84a, 85a
86+  2, 5, 6, 7, 8, 9, 10, 11, 12, 13, 14, 15, 16, 17, 18, 19, 21, 22, 23, 24, 25, 26, 27, 28, 29, 30, 31, 32, 33, 34, 35, 37, 38, 39, 40, 41, 42, 43, 44, 45, 46, 48, 49, 52, 53, 54, 55, 56, 57, 58, 59, 60, 61, 62, 63, 64, 65, 66, 67, 68, 70, 71, 72, 73, 74, 75, 76, 77, 80, 81, 82, 83

87+  1b, 3b, 4b, 20b, 36b, 47b, 50b, 51b, 69b, 78b, 79b, 84a, 85b
87+  2, 5, 6, 7, 8, 9, 10, 11, 12, 13, 14, 15, 16, 17, 18, 19, 21, 22, 23, 24, 25, 26, 27, 28, 29, 30, 31, 32, 33, 34, 35, 37, 38, 39, 40, 41, 42, 43, 44, 45, 46, 48, 49, 52, 53, 54, 55, 56, 57, 58, 59, 60, 61, 62, 63, 64, 65, 66, 67, 68, 70, 71, 72, 73, 74, 75, 76, 77, 80, 81, 82, 83, 86

88+  1b, 3b, 4b, 20b, 36b, 47b, 50b, 51b, 69b, 78b, 79b, 84b
88+  2, 5, 6, 7, 8, 9, 10, 11, 12, 13, 14, 15, 16, 17, 18, 19, 21, 22, 23, 24, 25, 26, 27, 28, 29, 30, 31, 32, 33, 34, 35, 37, 38, 39, 40, 41, 42, 43, 44, 45, 46, 48, 49, 52, 53, 54, 55, 56, 57, 58, 59, 60, 61, 62, 63, 64, 65, 66, 67, 68, 70, 71, 72, 73, 74, 75, 76, 77, 80, 81, 82, 83, 85, 86, 87

89+  1b, 3b, 4b, 20b, 36b, 47b, 50b, 51b, 69b, 78b, 79b, 84b, 88a
89+  2, 5, 6, 7, 8, 9, 10, 11, 12, 13, 14, 15, 16, 17, 18, 19, 21, 22, 23, 24, 25, 26, 27, 28, 29, 30, 31, 32, 33, 34, 35, 37, 38, 39, 40, 41, 42, 43, 44, 45, 46, 48, 49, 52, 53, 54, 55, 56, 57, 58, 59, 60, 61, 62, 63, 64, 65, 66, 67, 68, 70, 71, 72, 73, 74, 75, 76, 77, 80, 81, 82, 83, 85, 86, 87

90+  1b, 3b, 4b, 20b, 36b, 47b, 50b, 51b, 69b, 78b, 79b, 84b, 88b
90+  2, 5, 6, 7, 8, 9, 10, 11, 12, 13, 14, 15, 16, 17, 18, 19, 21, 22, 23, 24, 25, 26, 27, 28, 29, 30, 31, 32, 33, 34, 35, 37, 38, 39, 40, 41, 42, 43, 44, 45, 46, 48, 49, 52, 53, 54, 55, 56, 57, 58, 59, 60, 61, 62, 63, 64, 65, 66, 67, 68, 70, 71, 72, 73, 74, 75, 76, 77, 80, 81, 82, 83, 85, 86, 87, 89

91+  1b, 3b, 4b, 20b, 36b, 47b, 50b, 51b, 69b, 78b, 79b, 84b, 88b, 90a
91+  2, 5, 6, 7, 8, 9, 10, 11, 12, 13, 14, 15, 16, 17, 18, 19, 21, 22, 23, 24, 25, 26, 27, 28, 29, 30, 31, 32, 33, 34, 35, 37, 38, 39, 40, 41, 42, 43, 44, 45, 46, 48, 49, 52, 53, 54, 55, 56, 57, 58, 59, 60, 61, 62, 63, 64, 65, 66, 67, 68, 70, 71, 72, 73, 74, 75, 76, 77, 80, 81, 82, 83, 85, 86, 87, 89

92+  1b, 3b, 4b, 20b, 36b, 47b, 50b, 51b, 69b, 78b, 79b, 84b, 88b, 90a, 91a
92+  2, 5, 6, 7, 8, 9, 10, 11, 12, 13, 14, 15, 16, 17, 18, 19, 21, 22, 23, 24, 25, 26, 27, 28, 29, 30, 31, 32, 33, 34, 35, 37, 38, 39, 40, 41, 42, 43, 44, 45, 46, 48, 49, 52, 53, 54, 55, 56, 57, 58, 59, 60, 61, 62, 63, 64, 65, 66, 67, 68, 70, 71, 72, 73, 74, 75, 76, 77, 80, 81, 82, 83, 85, 86, 87, 89

93+  1b, 3b, 4b, 20b, 36b, 47b, 50b, 51b, 69b, 78b, 79b, 84b, 88b, 90b
93+  2, 5, 6, 7, 8, 9, 10, 11, 12, 13, 14, 15, 16, 17, 18, 19, 21, 22, 23, 24, 25, 26, 27, 28, 29, 30, 31, 32, 33, 34, 35, 37, 38, 39, 40, 41, 42, 43, 44, 45, 46, 48, 49, 52, 53, 54, 55, 56, 57, 58, 59, 60, 61, 62, 63, 64, 65, 66, 67, 68, 70, 71, 72, 73, 74, 75, 76, 77, 80, 81, 82, 83, 85, 86, 87, 89, 91, 92

94+  1b, 3b, 4b, 20b, 36b, 47b, 50b, 51b, 69b, 78b, 79b, 84b, 88b, 90b, 93a
94+  2, 5, 6, 7, 8, 9, 10, 11, 12, 13, 14, 15, 16, 17, 18, 19, 21, 22, 23, 24, 25, 26, 27, 28, 29, 30, 31, 32, 33, 34, 35, 37, 38, 39, 40, 41, 42, 43, 44, 45, 46, 48, 49, 52, 53, 54, 55, 56, 57, 58, 59, 60, 61, 62, 63, 64, 65, 66, 67, 68, 70, 71, 72, 73, 74, 75, 76, 77, 80, 81, 82, 83, 85, 86, 87, 89, 91, 92
